3 0 1 0 5 0 1 3 415 75 226 156 304 33 209 98 0 0 0 0 0 6 0 8 64 15 150 124 45 9 129 69 0 0 0 11 0 0 0 1 326 88 11260 22321 221 79 9814 9231 0 0 0 0 0 0 52 0 204 45 5954 17724 124 33 9103 9565 
3 0 1 0 10 0 1 0 1711 157 259 130 1711 77 135 92 1 0 1 1 1 3 0 1 300 89 145 94 413 71 132 70 1 1 1 7 4 0 8 1 2565 678 11834 9754 1024 367 9997 15953 1 0 0 0 0 1 0 2 1820 413 8382 7982 638 166 5412 15683 
1 0 4 0 2 0 2 2 321 9 18 16 202 2 9 9 0 0 0 3 2 2 0 0 48 4 10 8 26 0 5 1 7 0 1 3 2 0 6 2 928 112 12315 23583 839 117 17541 7273 8 0 3 4 2 0 1 2 624 68 9756 14189 462 59 5698 3993 
1 0 11 4 0 0 6 2 2 0 179 222 4 0 100 185 1 0 3 0 2 0 1 0 2 0 119 190 4 0 45 95 14 1 18 15 5 0 34 42 238 92 14853 19901 214 28 6130 18532 10 0 18 12 8 1 33 10 236 12 10554 13451 144 15 4852 7653 
0 0 1 0 0 0 0 0 8 1 232 63 1 0 259 113 0 0 1 0 0 0 0 0 2 0 75 40 3 0 83 45 47 8 31 13 6 7 48 40 311 71 14615 29343 223 61 8521 7167 42 3 22 6 18 8 8 2 293 34 9184 11179 174 40 9051 6801 
0 0 1 0 5 0 3 1 161 14 76 49 132 4 42 32 2 0 0 0 2 0 0 0 65 3 25 14 43 2 19 11 31 6 25 28 21 0 68 34 1532 245 15755 12141 833 113 13895 11937 26 3 22 15 5 4 19 10 932 146 9169 6303 563 105 7067 16545 
15 0 30 22 30 0 14 13 468 62 87 59 417 17 73 26 24 0 16 6 6 5 1 4 90 15 67 44 100 9 56 21 91 9 57 27 36 0 26 11 574 157 11904 12495 332 119 8802 31228 60 0 37 21 7 3 28 20 358 85 8370 7921 223 72 7359 6075 
2 0 2 5 4 0 10 5 119 37 557 322 112 15 421 294 0 0 1 0 3 1 0 1 13 6 174 95 14 3 123 57 0 1 2 0 1 0 1 1 13 18 15941 8293 9 16 13847 9402 0 0 1 0 0 0 6 2 6 6 13826 8512 3 8 6039 19954 
3 0 3 0 3 0 0 1 3 6 62 57 1 1 111 38 2 0 2 1 1 0 1 0 2 0 31 33 1 0 41 11 88 14 72 39 28 6 89 40 530 106 16881 12799 366 71 11838 8118 68 4 52 24 21 3 68 37 394 69 11556 8825 254 44 8156 17229 
0 0 0 0 0 0 0 0 3 0 4 0 0 0 7 4 1 0 0 0 1 0 0 0 0 0 19 3 2 0 11 3 29 13 4 2 16 4 26 2 186 61 14900 12708 102 26 10262 8285 23 0 5 1 8 3 9 9 134 31 10553 9567 88 21 8497 22671 
0 0 13 8 3 0 6 6 322 52 327 279 206 15 235 152 2 0 0 3 2 0 0 0 42 8 111 76 32 5 73 58 3 3 1 1 1 0 2 0 128 57 18250 8062 100 39 14950 8870 4 0 2 2 0 0 2 1 84 39 16362 7552 42 29 11662 10020 
0 0 5 2 3 0 4 6 373 43 667 357 273 31 418 301 0 0 3 0 0 0 1 3 47 3 169 73 40 5 86 48 0 0 5 5 0 0 5 2 260 64 19356 24078 190 34 9989 8034 0 0 2 0 0 0 2 2 181 27 15971 4812 131 26 5587 6580 
0 0 72 50 0 0 35 29 57 9 347 173 47 7 215 139 0 0 11 1 0 0 4 8 7 1 101 72 6 1 61 67 0 0 16 5 0 0 12 16 211 39 16121 9739 453 49 7422 6787 0 0 5 11 0 0 12 6 375 59 23282 16862 197 19 2702 12384 
14 0 29 0 19 0 8 7 109 15 23 15 84 1 26 2 11 0 9 0 4 5 2 10 37 4 41 35 43 2 15 10 9 2 2 5 6 0 4 33 697 99 14794 10025 448 82 10447 15132 12 0 1 2 2 0 9 11 474 65 9998 12367 281 93 5041 17583 
8 0 20 2 14 0 21 8 746 180 792 451 436 60 514 337 1 0 17 5 1 3 3 6 62 29 330 190 69 16 254 151 0 2 17 10 0 0 48 20 189 97 14393 11205 164 68 13075 11366 0 0 26 11 0 0 30 13 129 43 8153 6977 84 31 9911 17516 
1 0 22 10 4 0 11 4 23 5 28 13 16 2 16 9 0 0 1 0 0 0 9 0 7 2 14 13 8 1 8 7 9 1 20 12 2 0 7 5 649 81 19144 11224 772 115 17947 7034 9 1 20 5 4 0 7 8 749 142 15594 10290 240 37 10317 3625 
2 0 29 22 1 0 31 13 74 15 179 124 42 5 123 86 1 0 3 4 0 0 3 3 10 3 59 42 12 1 47 28 0 0 5 4 0 0 2 4 1116 146 14627 20408 1667 160 12783 7111 0 0 0 0 0 0 0 7 1660 229 8803 15611 482 63 7812 4642 
0 0 0 0 0 0 0 0 0 0 0 0 0 0 0 0 0 0 0 0 0 0 0 0 0 0 0 0 0 0 0 0 6 0 1 1 5 0 1 1 653 136 24016 19438 332 50 6566 3752 5 0 1 2 2 0 5 1 401 68 5755 5079 658 96 19723 11550 
3 0 11 2 6 0 0 1 58 8 9 10 21 0 9 0 3 0 5 0 2 3 0 2 18 2 13 6 13 0 7 2 12 3 46 26 6 0 33 14 1031 173 9163 9081 566 92 12507 11015 5 0 38 18 2 3 20 15 659 116 17783 17416 405 62 4017 13763 
2 0 2 0 2 0 0 3 31 2 34 29 17 0 17 16 7 0 1 0 0 1 0 0 14 1 29 14 16 2 11 4 30 4 35 25 12 1 15 9 764 110 13298 6537 512 58 15011 9602 27 0 34 11 4 1 8 10 519 91 16343 21221 333 42 7435 5947 
10 0 14 1 11 0 1 2 42 2 0 1 23 0 2 1 12 0 6 1 2 2 0 0 4 0 3 1 4 0 2 0 175 27 35 17 58 2 27 7 1201 126 23375 17795 729 80 3721 18674 153 9 20 9 20 2 17 7 700 68 4918 3690 664 64 7702 14065 
30 0 24 1 41 0 5 6 40 11 8 8 20 0 8 2 44 0 12 2 5 12 0 5 16 0 10 2 26 0 14 5 67 39 20 22 54 0 25 9 487 70 14377 7011 364 41 5448 10650 80 1 22 2 13 10 42 6 341 57 8116 8006 201 51 10937 31378 
6 0 75 42 22 0 18 18 67 8 28 37 33 0 29 12 5 0 23 18 3 2 16 13 19 1 23 12 12 0 16 11 55 8 64 30 18 2 51 34 408 65 11567 16971 474 50 14363 13110 33 3 46 30 10 3 20 30 393 65 8890 12305 223 38 8098 10278 
10 0 48 16 32 0 13 9 104 12 26 11 78 0 8 11 8 0 26 10 4 1 6 5 41 1 11 18 33 1 6 3 23 9 24 29 13 1 33 28 577 130 13555 18415 470 105 18671 10137 19 0 31 19 6 1 18 19 596 119 11399 12674 234 31 5516 4850 
0 0 0 1 1 0 0 0 25 0 1 0 14 0 2 0 1 0 2 0 0 0 0 0 3 0 1 1 4 0 1 1 15 0 3 0 4 0 1 0 5136 339 9062 4809 2852 83 2146 1442 9 0 1 3 1 0 0 0 2217 116 2773 1778 5593 173 2149 19738 
46 0 15 0 74 0 0 0 143 10 1 5 66 0 2 0 31 0 2 0 31 19 0 3 39 0 4 0 57 0 5 3 166 8 10 3 74 1 5 1 3614 413 16979 11883 2355 337 14495 10214 173 2 4 1 41 4 5 0 2465 273 10201 7060 1827 219 8809 6106 
0 0 4 2 14 0 8 1 114 8 145 106 99 2 120 76 5 0 1 0 7 0 1 0 16 1 29 21 18 3 13 9 60 3 18 13 28 1 11 9 1766 191 16599 14785 1342 116 10924 18743 70 3 16 4 13 1 6 2 1285 112 9202 6319 897 92 8764 6086 
0 0 0 0 0 0 0 0 97 9 18 10 89 6 35 17 0 0 0 0 0 0 0 0 28 1 3 4 21 2 22 15 19 5 26 36 1 0 11 10 1906 240 20450 10364 1317 145 11057 8255 15 4 18 17 4 0 12 3 1299 145 17586 10364 902 132 7930 5654 
0 0 0 0 4 0 1 0 92 4 5 6 48 1 5 2 0 0 0 0 1 0 0 0 17 2 4 4 20 1 3 1 2 0 0 0 2 0 0 0 2513 199 23518 21659 1866 164 15057 5341 7 0 0 0 1 0 0 0 1934 169 6734 5208 1258 130 7293 5028 
0 0 0 0 0 0 0 0 47 1 2 2 20 1 6 1 0 0 0 0 0 0 0 0 13 1 0 0 6 0 0 0 56 6 23 13 8 1 11 8 933 90 29297 21620 611 48 5098 16222 41 3 24 22 3 3 4 9 647 47 7387 5437 364 38 4482 5648 
0 0 10 3 2 0 7 2 32 9 99 55 29 3 46 43 1 0 5 1 1 1 1 2 2 0 26 21 5 1 19 9 15 0 10 9 3 0 13 8 270 35 20001 14041 201 22 13859 8914 17 1 15 6 4 0 6 8 168 9 15111 10581 116 11 8398 6017 
1 0 4 0 3 0 1 2 35 3 10 7 27 2 9 6 0 0 0 0 0 0 0 0 8 4 5 2 4 0 4 0 40 1 15 17 6 2 7 6 1435 123 17825 12717 1004 83 22422 9435 39 1 15 11 7 1 4 4 1067 91 10709 8763 681 66 6755 4815 
0 0 0 0 0 0 0 0 0 0 0 0 0 0 0 0 0 0 0 0 0 0 0 0 0 0 0 0 0 0 0 0 1 0 0 0 1 0 0 0 84 21 17702 5657 56 13 7674 8976 2 0 0 0 0 0 0 0 62 14 16399 18200 67 16 12887 10472 
1 0 12 1 1 0 2 2 0 0 1 5 0 0 14 1 4 0 24 6 0 1 2 2 0 0 27 17 0 0 0 1 888 160 311 222 194 39 531 229 1322 208 20285 7713 848 160 5765 3360 672 54 250 125 122 77 332 190 881 165 14532 11870 583 91 18345 7656 
0 0 0 0 0 0 0 0 0 0 0 0 0 0 0 0 0 0 0 0 0 0 0 0 0 0 0 0 0 0 0 0 0 0 0 0 0 0 0 0 26 5 12794 9517 13 8 22334 12789 0 0 0 0 0 0 0 0 9 6 11123 8712 25 6 11988 8949 
0 0 0 0 0 0 0 0 0 0 0 0 0 0 0 0 0 0 0 0 0 0 0 0 0 0 0 0 0 0 0 0 0 0 0 0 0 0 0 0 0 0 22453 10900 0 18 18753 11671 0 0 0 0 0 0 0 0 6 0 10073 4702 0 1 11623 8104 
0 0 0 0 0 0 0 0 0 0 0 0 0 0 0 0 0 0 0 0 0 0 0 0 0 0 0 0 0 0 0 0 2 1 427 299 0 0 156 83 0 0 3280 865 0 0 2742 778 0 1 2568 1159 0 0 12440 2797 0 0 33215 15053 0 2 15216 7220 
0 0 0 0 0 0 0 0 0 0 4 2 0 0 3 0 0 0 0 0 0 0 0 0 0 0 4 1 0 0 3 0 73 15 341 115 18 1 707 159 144 24 22372 9014 118 11 13274 4838 58 3 497 118 15 1 1284 109 109 13 17366 10627 76 12 11824 4951 
0 0 56 21 0 0 17 9 0 0 23 35 0 0 10 29 0 0 19 1 0 0 4 2 0 0 49 14 0 0 9 4 0 2 861 734 0 0 940 752 0 0 17107 14814 0 0 10609 8556 8 2 681 402 0 0 791 467 0 0 11229 12504 0 0 8269 9274 
3 0 1 0 0 0 0 0 0 25 14 97 0 0 16 2 0 0 1 0 1 8 0 0 0 0 49 4 4 0 102 0 582 90 209 122 100 5 195 82 524 152 21618 8723 323 71 9990 4121 429 29 151 119 57 20 383 107 312 50 11603 9577 194 583 12300 15156 
0 0 0 0 0 0 0 0 5 1 13 6 4 1 1 3 0 0 0 0 0 0 0 0 1 0 4 2 0 0 1 2 101 21 425 405 14 4 150 141 91 26 12942 8038 58 11 9868 8113 85 24 417 203 9 3 220 62 70 19 22099 12628 49 8 12287 9669 
0 0 0 0 3 0 0 1 8 25 15 24 1 0 12 14 0 0 1 0 1 3 0 1 1 1 23 19 2 0 119 5 168 67 1435 889 25 7 949 710 133 60 30193 14623 96 39 5334 6342 139 25 98 63 22 17 77 33 140 33 4949 3353 72 489 5811 21634 
2 0 19 4 2 0 5 3 4 1 6 6 5 0 7 3 14 0 2 0 1 14 0 3 9 2 8 6 7 0 7 3 319 75 242 125 102 17 179 98 737 259 16543 5326 339 1044 18737 17418 224 31 98 42 52 18 70 45 352 354 4665 6249 192 6072 8130 10007 
10 0 2 0 2 0 4 29 30 53 30 20 0 7 53 15 1 0 6 0 19 69 0 19 17 0 116 16 62 0 317 0 500 230 2715 1872 147 42 4113 2432 634 111 16841 13577 209 242 9438 8261 329 97 1933 985 34 82 2609 1438 211 178 9917 6680 31 200 6700 4619 
0 0 0 0 2 0 0 0 1 0 0 0 0 0 0 0 8 0 0 0 0 0 0 0 6 0 0 0 1 0 0 0 16 3 1 0 9 1 1 0 414 135 15823 9453 285 96 8831 7848 3 0 2 0 3 0 0 0 316 65 24667 5858 170 144 17584 6558 
77 0 104 3 19 0 33 102 6 133 36 60 0 0 86 22 92 0 102 5 107 569 3 195 2 0 373 76 69 0 469 1 495 288 148 150 330 9 246 92 1929 133 21266 14504 396 210 10680 7166 347 13 116 32 65 68 958 151 624 150 13548 9913 155 117 6099 5162 
13 0 5 1 5 0 4 21 6 26 2 10 1 0 15 4 29 0 15 0 15 66 0 26 4 0 31 4 18 0 163 1 1331 541 2467 1633 287 40 4093 3297 453 156 13724 12167 252 209 6770 5812 871 169 1564 970 99 153 1528 1371 322 172 15577 7052 103 105 8372 6159 
120 0 94 1 64 0 30 33 82 102 73 76 14 1 102 22 178 0 86 9 33 415 1 54 7 0 170 59 132 0 530 2 2921 616 760 488 642 68 603 176 2269 338 16040 9521 893 303 5891 8544 2242 124 607 287 283 170 1072 277 1257 346 8840 11047 614 193 6103 12279 
0 0 0 0 0 0 0 0 0 0 0 0 0 0 0 0 0 0 0 0 0 0 0 0 0 0 0 0 0 0 0 0 0 0 0 0 0 0 0 0 0 0 763 201 0 0 158 380 0 0 0 0 0 0 0 0 0 0 18008 1105 0 0 8164 69525 
0 0 0 0 0 0 0 0 0 0 0 0 0 0 0 0 1 0 0 0 0 0 0 0 0 0 0 0 0 0 0 0 44 2 83 50 13 2 106 40 168 19 49902 4253 104 16 1169 1052 50 11 91 43 8 2 117 60 73 12 17513 4041 53 13 15869 3324 
1 0 0 0 3 0 0 0 3 0 0 4 2 0 5 8 0 0 0 0 0 0 0 0 2 0 3 1 2 0 2 4 20 4 8 11 8 1 5 5 104 14 6746 4377 54 13 3299 2899 21 1 22 3 4 2 7 5 56 10 9055 6808 33 13 7369 57287 
0 0 18 3 5 0 14 7 4 1 91 67 2 2 101 64 5 0 0 0 0 0 0 2 0 0 37 24 3 0 37 20 34 5 103 43 7 4 104 24 154 16 9798 2001 114 10 1874 1742 18 2 788 116 7 0 2272 310 371 109 24220 6469 233 75 8456 38318 
0 0 0 0 0 0 0 0 16 3 2 4 14 0 6 2 0 0 0 0 0 0 0 1 0 0 3 2 2 0 5 4 7 0 0 0 5 0 0 0 174 31 5736 2308 124 26 3861 1489 7 0 32 58 2 0 31 53 130 9 12401 2726 89 18 3350 65573 
0 0 0 0 0 0 0 0 0 0 0 0 0 0 0 0 0 0 0 0 0 0 0 0 0 0 0 0 0 0 0 0 45 2 111 74 12 14 149 117 73 23 35044 1640 58 5 1243 1557 34 17 99 61 29 17 247 69 37 25 27829 2129 29 17 18196 9302 
0 0 0 0 0 0 0 0 0 0 0 0 0 0 0 0 0 0 0 0 0 0 0 0 0 0 0 0 0 0 0 0 5 0 139 307 3 1 155 706 49 26 29746 16614 37 17 7084 3208 1 1 130 166 3 1 247 200 49 29 8880 5120 46 21 19655 5658 
0 0 0 0 0 0 0 0 0 0 0 0 0 0 0 0 0 0 0 0 0 0 0 0 0 0 0 0 0 0 0 0 0 0 0 0 0 0 0 0 0 0 4242 3027 0 0 3485 1070 0 0 0 0 0 0 0 0 0 0 16343 3273 0 0 9659 57205 
9 0 29 0 18 0 37 32 26 73 56 57 2 0 153 73 35 0 55 6 17 486 0 120 6 0 461 161 131 0 527 0 590 387 420 304 379 25 335 168 483 51 11709 8080 196 74 1844 2472 501 24 217 94 116 74 733 165 522 94 24869 3681 120 54 32248 4705 
0 0 0 0 0 0 0 6 0 0 1 5 0 0 13 0 1 0 0 0 0 18 0 3 0 0 44 23 0 0 15 0 8 7 4 2 4 0 9 11 3 4 12087 10798 0 1 7014 2841 5 1 1 0 0 2 14 3 2 2 24454 11638 0 1 18552 10707 
0 0 0 0 0 0 0 0 1 0 0 0 0 0 0 0 0 0 0 0 0 0 0 0 0 0 0 0 0 0 0 0 0 0 2 7 0 0 2 1 1 1 5328 3374 0 0 6122 2338 1 0 3 4 0 0 2 0 0 0 38067 11852 1 0 20103 11094 
0 0 0 0 0 0 0 0 0 0 88 10 0 0 1 1 0 0 0 0 0 0 0 0 0 0 259 34 0 0 2 0 0 0 0 0 0 0 0 0 900 117 12223 9106 830 126 2622 2604 0 0 0 0 0 0 0 0 734 70 33732 10530 616 114 18757 4828 
0 0 0 0 0 0 0 0 0 0 1 0 0 0 0 0 0 0 0 0 0 0 0 0 1 0 0 1 1 0 0 0 12 7 119 80 1 2 87 36 61 13 16467 13582 38 14 14854 6274 15 4 120 101 0 1 54 46 44 18 16287 12373 23 5 11798 5764 
0 0 0 0 0 0 0 0 0 0 0 0 0 0 0 0 0 0 0 0 0 0 0 0 0 0 0 0 0 0 0 0 0 0 0 0 0 0 0 0 368 75 13747 7669 842 122 9605 7578 0 0 0 0 0 0 0 0 150 33 12422 13787 116 14 9352 22424 
0 0 0 0 0 0 0 0 0 0 0 0 0 0 4 0 0 0 0 0 0 0 0 0 0 0 2 1 0 0 2 0 0 0 0 1 0 0 2 2 7 1 10510 5230 5 0 7054 3741 0 0 1 0 0 0 0 0 0 0 22760 19761 0 1 17825 11394 
0 0 0 0 0 0 0 0 0 0 0 0 0 0 0 0 0 0 0 0 0 0 0 0 0 0 0 0 0 0 0 0 0 0 332 325 0 0 1046 1054 0 0 11752 8627 0 0 10207 6255 0 0 113 145 0 0 364 406 0 0 20075 12250 0 0 15204 10149 
0 0 0 0 0 0 0 0 0 0 0 0 0 0 0 0 0 0 0 0 0 0 0 0 0 0 0 0 0 0 0 0 0 0 91 44 0 0 76 18 119 21 15995 7174 101 12 11716 5878 1 0 88 15 1 0 96 14 101 7 19758 17226 44 17 11144 8547 
0 0 0 0 0 0 0 0 1 1 0 0 0 0 0 0 0 0 0 0 0 0 0 0 0 0 0 0 0 0 0 0 0 0 0 0 0 0 0 0 7 3 29465 11304 3 1 9534 4291 0 0 0 0 0 0 0 0 1 1 5534 8140 1 0 11742 18275 
45 0 95 2 72 0 54 42 912 350 535 595 415 49 581 147 52 0 71 11 46 422 11 83 89 27 375 167 299 10 1312 45 860 255 654 509 247 11 381 230 2413 396 29448 5662 421 418 4549 2575 654 68 413 318 94 64 913 208 1090 138 11326 7069 173 669 8842 10322 
1 0 0 0 0 0 0 0 3 0 0 0 2 0 0 0 0 0 0 0 1 0 0 0 3 0 0 0 2 0 0 0 1 0 0 0 2 0 0 0 1248 170 35757 21031 1123 155 5107 3708 1 0 1 0 0 0 0 1 1071 152 9138 6265 653 76 5131 7501 
0 0 0 0 0 0 0 0 0 0 0 0 0 0 0 0 0 0 0 0 0 0 0 0 0 0 0 0 0 0 0 0 0 0 0 0 0 0 0 0 439 55 62413 9807 297 20 2778 3469 0 0 0 0 0 0 0 0 255 33 15228 1000 225 33 1267 985 
17 0 8 0 26 0 11 7 1002 339 1222 837 631 132 889 590 4 0 7 0 5 3 0 5 148 87 509 281 195 39 444 284 4 5 2 3 14 0 3 9 1450 393 22991 14284 997 439 8835 7717 7 0 2 2 4 3 17 6 1001 225 12098 8702 726 177 6674 3792 
0 0 0 0 0 0 0 0 505 55 131 49 296 39 88 43 1 0 0 0 1 0 0 0 112 30 57 53 79 24 66 53 15 0 1 0 10 0 0 0 1135 214 7447 4775 840 224 5066 3352 10 0 0 0 1 0 2 0 725 140 6225 4482 556 135 13036 48231 
13 0 28 1 24 0 24 20 1166 226 236 268 750 45 207 65 11 0 23 7 9 16 6 14 224 49 228 134 316 27 202 81 110 54 126 96 51 14 149 94 2574 754 10790 7129 1554 490 9316 5875 129 12 84 50 35 17 204 95 1957 403 24518 10491 1019 436 7810 7448 
0 0 0 0 0 0 0 0 1 0 0 0 0 0 0 1 0 0 0 0 0 0 0 0 0 0 0 0 1 0 2 0 15 2 2925 783 3 1 3478 395 70 18 26029 8152 45 13 17969 7273 10 2 211 483 2 0 123 219 73 9 11200 8544 32 6 5707 4507 
0 0 0 0 0 0 0 0 0 0 0 4 0 0 0 0 0 0 0 0 0 0 0 0 0 0 0 3 0 0 0 1 0 0 45 77 0 0 41 9 172 17 20025 4414 64 8 23910 16210 0 0 454 62 0 0 364 36 126 18 9073 3474 29 6 11369 8293 
0 0 18 6 0 0 14 6 3 0 124 82 2 0 86 66 4 0 7 1 0 0 0 2 3 0 12 10 0 0 11 11 13 2 6 14 1 0 10 5 30 7 7325 72299 28 5 10778 1536 14 0 6 5 2 1 5 4 21 7 1260 861 12 8 2074 1497 
19 0 19 20 29 0 3 0 8 2 1 8 1 0 1 4 2 0 2 2 6 3 2 1 15 0 1 0 5 0 2 1 12 3 19 6 5 1 13 6 34 7 4138 21032 11 17 10733 15392 5 1 19 4 1 0 3 7 25 1 257 300 3 18 43205 2869 
9 0 28 11 13 0 9 4 3 0 3 4 2 0 6 4 14 0 9 1 4 3 3 6 4 0 7 6 3 0 4 1 2 0 3 7 13 0 1 7 68 11 5943 2631 23 9 17724 5536 14 0 3 0 0 1 4 0 42 6 9428 489 27 16 51355 4780 
0 0 69 46 0 0 13 8 0 0 54 46 0 0 32 27 0 0 27 13 0 1 3 2 0 0 22 8 0 0 12 9 7 2 26 24 0 0 28 14 1 0 1912 78863 0 0 976 580 2 1 17 10 0 0 18 12 0 0 902 12991 0 0 842 684 
1 0 24 19 0 0 11 13 0 1 70 308 0 0 49 110 0 0 4 3 0 0 1 0 0 0 23 20 0 0 11 5 2 0 11 8 0 1 5 6 0 1 3359 2418 1 0 62913 946 0 0 10 4 0 0 7 5 0 0 6755 1223 0 0 17747 2209 
7 0 30 7 0 0 5 13 1 5 0 0 0 0 0 0 3 0 13 2 4 1 3 4 0 0 8 3 1 0 9 0 19 5 11 11 6 0 3 16 27 10 3103 13650 14 6 962 4267 15 0 6 5 3 2 14 7 7 5 514 717 8 24 1002 73746 
0 0 6 4 0 0 0 4 0 0 17 12 0 0 10 17 1 0 1 1 0 0 0 1 0 0 12 9 0 0 2 1 0 0 4 8 0 0 5 7 34 1 5657 3059 21 6 1397 2129 0 0 6 6 0 0 3 4 49 8 1730 1063 19 2 2108 80880 
0 0 1 2 0 0 2 0 0 0 18 8 0 0 12 6 0 0 1 0 0 0 0 0 0 0 3 1 0 0 2 2 11 1 7 4 7 2 8 3 12 8 2995 20942 8 3 2088 29357 3 0 2 1 5 2 4 2 4 3 1009 12169 4 5 1043 28534 
0 0 6 3 0 0 2 2 0 0 43 36 0 0 25 27 0 0 3 1 0 0 1 2 1 0 9 10 0 0 20 6 26 7 18 10 8 0 7 12 31 12 19384 15110 15 10 5310 1001 14 1 10 5 1 0 6 4 23 5 9909 40286 7 3 5315 1557 
10 0 51 9 14 0 7 4 0 1 18 21 0 0 8 8 6 0 32 10 0 7 7 6 2 0 24 16 0 0 8 3 29 10 24 14 16 0 19 16 21 6 4079 1519 19 20 1309 10696 24 0 15 11 7 0 28 9 30 4 1157 830 15 5 1169 76931 
11 0 21 7 13 0 9 3 6 1 6 3 0 0 2 4 10 0 7 1 1 2 3 1 1 0 6 1 2 0 3 1 6 2 9 6 7 0 5 3 22 8 4463 2029 18 5 670 15925 12 0 7 4 3 0 4 1 17 4 683 499 8 4 1860 71895 
30 0 102 11 1 0 25 18 0 3 16 22 1 0 15 11 16 0 36 12 5 9 2 16 0 0 49 27 2 0 7 2 1 6 8 13 2 0 1 19 35 2 1336 1911 0 28 520 8856 1 0 7 3 0 0 38 8 33 2 440 318 0 19 578 83681 
3 0 14 5 5 0 8 2 0 2 35 18 1 0 22 11 11 0 1 0 1 1 0 0 2 0 12 5 2 0 4 6 0 0 0 0 5 0 0 1 16 1 4123 1847 9 6 291 21230 0 0 1 0 0 0 0 0 12 3 544 356 0 4 491 69193 
3 0 32 16 1 0 10 7 3 1 289 82 1 0 90 46 6 0 16 9 3 2 2 5 2 0 581 18 2 0 40 9 105 15 48 45 47 4 61 23 142 59 7261 9985 127 44 9087 34730 80 1 45 20 25 5 49 26 131 39 4081 6861 95 13 5305 18469 
0 0 13 7 0 0 5 3 0 0 16 12 0 0 5 10 0 0 7 1 0 0 1 1 0 0 8 2 0 0 4 3 0 0 9 6 0 0 5 1 0 0 10494 4091 0 0 3255 42595 0 0 2 8 0 0 2 4 0 0 717 12017 0 0 1610 23390 
0 0 12 0 5 0 2 8 99 10 5 4 73 5 3 0 4 0 9 0 1 5 1 6 22 2 9 4 15 5 10 4 38 12 15 22 13 2 22 15 440 87 11284 11596 239 54 15035 7502 33 2 21 2 4 5 25 13 233 31 11847 4876 208 46 27766 6493 
12 0 21 2 24 0 1 3 448 60 58 37 253 20 58 21 3 0 11 0 1 10 3 15 60 12 31 23 64 9 47 20 7 7 2 5 1 0 7 3 740 140 17835 9367 762 136 14560 10244 8 0 2 3 0 0 17 2 541 75 14179 9612 425 83 6878 11336 
11 0 7 1 11 0 2 2 341 39 80 41 242 11 40 27 6 0 3 0 3 2 0 0 61 6 36 22 59 6 22 21 51 14 35 23 12 2 28 9 527 123 17573 12803 458 120 13825 6920 43 4 23 14 7 2 17 12 452 84 10325 8949 225 61 16859 7602 
0 0 0 0 1 0 0 0 15 3 5 4 9 1 2 2 0 0 0 0 0 0 0 0 7 1 3 0 6 1 2 1 5 1 0 0 1 0 1 2 161 28 12107 7450 126 23 32015 11657 4 1 4 0 0 0 1 4 157 17 10470 5472 79 19 12775 5661 
23 0 21 1 45 0 2 2 100 19 23 26 60 4 16 14 30 0 5 0 3 11 0 3 17 2 23 11 17 0 17 5 77 12 5 5 33 5 16 7 354 85 19204 16982 281 66 10992 9971 69 3 4 2 21 7 25 5 248 51 16765 6237 161 52 9611 6448 
0 0 0 1 0 0 3 4 10 0 20 11 2 0 5 6 0 0 1 3 0 0 3 1 8 2 32 11 1 0 20 9 49 11 21 23 18 5 30 17 409 116 17678 13342 269 52 12155 9146 46 8 26 20 13 3 16 17 249 71 16052 7338 179 50 9178 11544 
3 0 17 0 4 0 6 3 27 6 29 15 22 2 8 12 2 0 4 0 2 4 0 3 8 0 16 13 14 1 6 4 82 23 28 12 19 2 18 10 181 43 13085 6639 113 40 10365 24726 64 8 16 6 10 7 26 10 98 31 8567 5497 67 27 10675 17578 
3 0 25 3 9 0 5 11 27 9 14 11 16 0 15 6 2 0 9 7 8 9 0 6 7 0 10 6 6 0 9 3 12 6 43 26 7 0 13 29 414 48 23322 11887 425 47 9912 9591 15 2 13 16 3 3 22 19 438 40 22630 7351 262 32 5595 5845 
5 0 11 1 7 0 6 6 95 14 52 40 78 9 37 16 9 0 2 0 4 13 0 13 29 4 29 24 25 1 21 8 53 15 8 9 31 1 6 2 336 70 16884 12260 207 59 12191 12112 43 1 2 0 14 7 33 4 242 38 15041 6605 119 34 10602 10716 
26 0 122 19 76 0 37 16 713 91 140 91 518 24 96 36 26 0 50 13 7 7 5 11 96 17 101 78 144 13 82 45 44 6 46 32 20 2 29 51 638 230 19532 12862 484 173 10911 9506 36 1 18 15 5 1 27 24 459 106 14034 7527 323 120 9350 8992 
0 0 0 0 0 0 0 0 0 0 0 10 0 0 1 1 0 0 0 0 0 1 0 0 0 0 9 1 0 0 2